#  Dijet Resonance Cross Section for sqrt{s}=13 TeV, |eta|<2.5, |delta eta|<1.3
#   (GeV)    (pb)         (pb)        (pb)        (pb)        (pb)        (pb)
   Mass      q*       Axigluon    E6Diquark      Z'          W'       RSGraviton
   500.0  0.7483E+04  0.2492E+04  0.4952E+03  0.6574E+02  0.1063E+03  0.2534E+03
   550.0  0.5185E+04  0.1760E+04  0.3745E+03  0.4728E+02  0.7731E+02  0.1632E+03
   600.0  0.3676E+04  0.1274E+04  0.2888E+03  0.3476E+02  0.5744E+02  0.1085E+03
   650.0  0.2664E+04  0.9436E+03  0.2268E+03  0.2609E+02  0.4351E+02  0.7421E+02
   700.0  0.1963E+04  0.7115E+03  0.1808E+03  0.1990E+02  0.3348E+02  0.5193E+02
   750.0  0.1468E+04  0.5448E+03  0.1460E+03  0.1540E+02  0.2611E+02  0.3707E+02
   800.0  0.1114E+04  0.4232E+03  0.1193E+03  0.1207E+02  0.2062E+02  0.2695E+02
   850.0  0.8546E+03  0.3325E+03  0.9843E+02  0.9565E+01  0.1645E+02  0.1990E+02
   900.0  0.6628E+03  0.2641E+03  0.8198E+02  0.7653E+01  0.1325E+02  0.1490E+02
   950.0  0.5190E+03  0.2117E+03  0.6884E+02  0.6178E+01  0.1076E+02  0.1130E+02
  1000.0  0.4101E+03  0.1712E+03  0.5824E+02  0.5027E+01  0.8811E+01  0.8673E+01
  1050.0  0.3266E+03  0.1395E+03  0.4960E+02  0.4120E+01  0.7263E+01  0.6722E+01
  1100.0  0.2620E+03  0.1144E+03  0.4250E+02  0.3398E+01  0.6024E+01  0.5261E+01
  1150.0  0.2116E+03  0.9446E+02  0.3662E+02  0.2820E+01  0.5026E+01  0.4154E+01
  1200.0  0.1721E+03  0.7846E+02  0.3172E+02  0.2353E+01  0.4216E+01  0.3306E+01
  1250.0  0.1407E+03  0.6552E+02  0.2760E+02  0.1974E+01  0.3555E+01  0.2650E+01
  1300.0  0.1157E+03  0.5497E+02  0.2411E+02  0.1663E+01  0.3010E+01  0.2139E+01
  1350.0  0.9558E+02  0.4633E+02  0.2115E+02  0.1408E+01  0.2560E+01  0.1738E+01
  1400.0  0.7934E+02  0.3921E+02  0.1862E+02  0.1196E+01  0.2185E+01  0.1420E+01
  1450.0  0.6616E+02  0.3332E+02  0.1645E+02  0.1020E+01  0.1872E+01  0.1167E+01
  1500.0  0.5540E+02  0.2842E+02  0.1457E+02  0.8729E+00  0.1610E+01  0.9639E+00
  1600.0  0.3928E+02  0.2086E+02  0.1153E+02  0.6450E+00  0.1200E+01  0.6666E+00
  1700.0  0.2823E+02  0.1550E+02  0.9211E+01  0.4822E+00  0.9043E+00  0.4691E+00
  1800.0  0.2054E+02  0.1163E+02  0.7419E+01  0.3638E+00  0.6875E+00  0.3349E+00
  1900.0  0.1510E+02  0.8802E+01  0.6019E+01  0.2769E+00  0.5271E+00  0.2424E+00
  2000.0  0.1121E+02  0.6713E+01  0.4912E+01  0.2123E+00  0.4067E+00  0.1774E+00
  2100.0  0.8390E+01  0.5157E+01  0.4031E+01  0.1639E+00  0.3158E+00  0.1312E+00
  2200.0  0.6328E+01  0.3984E+01  0.3323E+01  0.1272E+00  0.2464E+00  0.9793E-01
  2300.0  0.4807E+01  0.3095E+01  0.2750E+01  0.9933E-01  0.1932E+00  0.7373E-01
  2400.0  0.3674E+01  0.2416E+01  0.2284E+01  0.7789E-01  0.1521E+00  0.5591E-01
  2500.0  0.2824E+01  0.1894E+01  0.1903E+01  0.6134E-01  0.1201E+00  0.4269E-01
  2600.0  0.2182E+01  0.1491E+01  0.1590E+01  0.4848E-01  0.9512E-01  0.3279E-01
  2700.0  0.1694E+01  0.1177E+01  0.1331E+01  0.3845E-01  0.7554E-01  0.2533E-01
  2800.0  0.1320E+01  0.9328E+00  0.1117E+01  0.3059E-01  0.6012E-01  0.1966E-01
  2900.0  0.1033E+01  0.7410E+00  0.9386E+00  0.2440E-01  0.4792E-01  0.1532E-01
  3000.0  0.8116E+00  0.5901E+00  0.7900E+00  0.1952E-01  0.3827E-01  0.1200E-01
  3100.0  0.6395E+00  0.4710E+00  0.6658E+00  0.1564E-01  0.3059E-01  0.9422E-02
  3200.0  0.5054E+00  0.3767E+00  0.5618E+00  0.1256E-01  0.2448E-01  0.7426E-02
  3300.0  0.4006E+00  0.3019E+00  0.4745E+00  0.1010E-01  0.1960E-01  0.5870E-02
  3400.0  0.3182E+00  0.2423E+00  0.4010E+00  0.8142E-02  0.1571E-01  0.4652E-02
  3500.0  0.2534E+00  0.1947E+00  0.3391E+00  0.6570E-02  0.1259E-01  0.3696E-02
  3600.0  0.2022E+00  0.1567E+00  0.2869E+00  0.5307E-02  0.1009E-01  0.2942E-02
  3700.0  0.1616E+00  0.1262E+00  0.2428E+00  0.4292E-02  0.8090E-02  0.2346E-02
  3800.0  0.1294E+00  0.1017E+00  0.2055E+00  0.3473E-02  0.6483E-02  0.1874E-02
  3900.0  0.1038E+00  0.8207E-01  0.1740E+00  0.2813E-02  0.5193E-02  0.1499E-02
  4000.0  0.8333E-01  0.6626E-01  0.1473E+00  0.2280E-02  0.4158E-02  0.1200E-02
  4100.0  0.6700E-01  0.5352E-01  0.1246E+00  0.1848E-02  0.3327E-02  0.9625E-03
  4200.0  0.5392E-01  0.4324E-01  0.1055E+00  0.1499E-02  0.2660E-02  0.7724E-03
  4300.0  0.4344E-01  0.3494E-01  0.8922E-01  0.1216E-02  0.2125E-02  0.6202E-03
  4400.0  0.3503E-01  0.2824E-01  0.7544E-01  0.9864E-03  0.1695E-02  0.4983E-03
  4500.0  0.2827E-01  0.2283E-01  0.6376E-01  0.8002E-03  0.1351E-02  0.4005E-03
  4600.0  0.2283E-01  0.1845E-01  0.5385E-01  0.6490E-03  0.1075E-02  0.3220E-03
  4700.0  0.1844E-01  0.1490E-01  0.4546E-01  0.5262E-03  0.8546E-03  0.2589E-03
  4800.0  0.1490E-01  0.1203E-01  0.3834E-01  0.4264E-03  0.6781E-03  0.2082E-03
  4900.0  0.1205E-01  0.9711E-02  0.3231E-01  0.3453E-03  0.5372E-03  0.1673E-03
  5000.0  0.9743E-02  0.7833E-02  0.2720E-01  0.2795E-03  0.4248E-03  0.1345E-03
  5100.0  0.7880E-02  0.6314E-02  0.2288E-01  0.2260E-03  0.3353E-03  0.1080E-03
  5200.0  0.6373E-02  0.5085E-02  0.1922E-01  0.1826E-03  0.2642E-03  0.8669E-04
  5300.0  0.5155E-02  0.4091E-02  0.1613E-01  0.1474E-03  0.2077E-03  0.6953E-04
  5400.0  0.4169E-02  0.3288E-02  0.1352E-01  0.1188E-03  0.1629E-03  0.5573E-04
  5500.0  0.3371E-02  0.2639E-02  0.1132E-01  0.9566E-04  0.1275E-03  0.4462E-04
  5600.0  0.2725E-02  0.2115E-02  0.9463E-02  0.7690E-04  0.9957E-04  0.3568E-04
  5700.0  0.2202E-02  0.1693E-02  0.7900E-02  0.6173E-04  0.7757E-04  0.2850E-04
  5800.0  0.1779E-02  0.1353E-02  0.6584E-02  0.4947E-04  0.6027E-04  0.2273E-04
  5900.0  0.1437E-02  0.1079E-02  0.5479E-02  0.3957E-04  0.4670E-04  0.1810E-04
  6000.0  0.1159E-02  0.8594E-03  0.4551E-02  0.3159E-04  0.3610E-04  0.1439E-04
  6100.0  0.9353E-03  0.6830E-03  0.3774E-02  0.2516E-04  0.2783E-04  0.1142E-04
  6200.0  0.7541E-03  0.5417E-03  0.3124E-02  0.2001E-04  0.2140E-04  0.9042E-05
  6300.0  0.6076E-03  0.4286E-03  0.2581E-02  0.1587E-04  0.1641E-04  0.7147E-05
  6400.0  0.4891E-03  0.3383E-03  0.2128E-02  0.1255E-04  0.1254E-04  0.5635E-05
  6500.0  0.3935E-03  0.2664E-03  0.1750E-02  0.9906E-05  0.9561E-05  0.4433E-05
  6600.0  0.3164E-03  0.2092E-03  0.1437E-02  0.7795E-05  0.7269E-05  0.3479E-05
  6700.0  0.2541E-03  0.1638E-03  0.1177E-02  0.6116E-05  0.5510E-05  0.2722E-05
  6800.0  0.2039E-03  0.1279E-03  0.9612E-03  0.4785E-05  0.4167E-05  0.2125E-05
  6900.0  0.1635E-03  0.9958E-04  0.7833E-03  0.3731E-05  0.3143E-05  0.1653E-05
  7000.0  0.1310E-03  0.7727E-04  0.6366E-03  0.2900E-05  0.2364E-05  0.1282E-05
  7100.0  0.1049E-03  0.5977E-04  0.5160E-03  0.2247E-05  0.1774E-05  0.9914E-06
  7200.0  0.8385E-04  0.4606E-04  0.4170E-03  0.1734E-05  0.1329E-05  0.7639E-06
  7300.0  0.6699E-04  0.3537E-04  0.3360E-03  0.1334E-05  0.9931E-06  0.5866E-06
  7400.0  0.5347E-04  0.2707E-04  0.2700E-03  0.1022E-05  0.7411E-06  0.4489E-06
  7500.0  0.4264E-04  0.2064E-04  0.2162E-03  0.7804E-06  0.5523E-06  0.3423E-06
  7600.0  0.3397E-04  0.1567E-04  0.1725E-03  0.5932E-06  0.4108E-06  0.2599E-06
  7700.0  0.2704E-04  0.1185E-04  0.1372E-03  0.4492E-06  0.3055E-06  0.1966E-06
  7800.0  0.2151E-04  0.8929E-05  0.1087E-03  0.3388E-06  0.2271E-06  0.1481E-06
  7900.0  0.1709E-04  0.6698E-05  0.8577E-04  0.2544E-06  0.1687E-06  0.1112E-06
  8000.0  0.1357E-04  0.5005E-05  0.6742E-04  0.1903E-06  0.1254E-06  0.8308E-07
  8100.0  0.1077E-04  0.3724E-05  0.5278E-04  0.1417E-06  0.9327E-07  0.6183E-07
  8200.0  0.8544E-05  0.2760E-05  0.4114E-04  0.1051E-06  0.6945E-07  0.4584E-07
  8300.0  0.6773E-05  0.2037E-05  0.3192E-04  0.7764E-07  0.5177E-07  0.3384E-07
  8400.0  0.5367E-05  0.1498E-05  0.2465E-04  0.5711E-07  0.3863E-07  0.2489E-07
  8500.0  0.4251E-05  0.1097E-05  0.1894E-04  0.4186E-07  0.2888E-07  0.1823E-07
  8600.0  0.3367E-05  0.8002E-06  0.1448E-04  0.3055E-07  0.2162E-07  0.1330E-07
  8700.0  0.2666E-05  0.5820E-06  0.1101E-04  0.2223E-07  0.1622E-07  0.9672E-08
  8800.0  0.2112E-05  0.4218E-06  0.8322E-05  0.1612E-07  0.1218E-07  0.7008E-08
  8900.0  0.1673E-05  0.3046E-06  0.6253E-05  0.1164E-07  0.9156E-08  0.5059E-08
  9000.0  0.1326E-05  0.2195E-06  0.4670E-05  0.8394E-08  0.6893E-08  0.3645E-08
